===================================
            PARAMETERS             
===================================
number of games in a batch: 30
starting-player option: 2
number of simulations (and hence roll-outs) per actual game move: 2000
Verbose: True
Max tree height: 15
c: 1
k: 4
save interval: 10
===================================
--- Starting game 1 ---
Start state: 
 0 0 0 0
 0 0 0 0
 0 0 0 0
 0 0 0 0
distribution [0.05, 0.0145, 0.1265, 0.0185, 0.0135, 0.1015, 0.051, 0.0245, 0.032, 0.3535, 0.0495, 0.0265, 0.0845, 0.036, 0.01, 0.008]
best_action 2,1:2
Player 2 placed a piece at (2, 1) : 
 0 0 0 0
 0 0 0 0
 0 2 0 0
 0 0 0 0
distribution [0.039157739194680456, 0.01588474325821943, 0.06501662356852604, 0.039157739194680456, 0.0025858884373845584, 0.15404506834133727, 0.03583302548947174, 0.04580716660509789, 0.15256741780568894, 0, 0.27336534909493904, 0.0897672700406354, 0.030661248614702624, 0.03176948651643886, 0.012190616919098634, 0.012190616919098634]
best_action 2,2:1
Player 1 placed a piece at (2, 2) : 
 0 0 0 0
 0 0 0 0
 0 2 1 0
 0 0 0 0
distribution [0.0040145985401459855, 0.0040145985401459855, 0.009124087591240875, 0.02226277372262774, 0.005474452554744526, 0.009124087591240875, 0.8839416058394161, 0.0040145985401459855, 0.005474452554744526, 0, 0, 0.004744525547445255, 0.016058394160583942, 0.021167883211678833, 0.0010948905109489052, 0.00948905109489051]
best_action 1,2:2
Player 2 placed a piece at (1, 2) : 
 0 0 0 0
 0 0 2 0
 0 2 1 0
 0 0 0 0
distribution [0.08842152872003618, 0.09023066485753053, 0.0642243328810493, 0.05178652193577567, 0.0807327001356852, 0.07553143374038897, 0, 0.05450022614201719, 0.11759384893713253, 0, 0, 0.03640886476707372, 0.14246947082767977, 0.06331976481230213, 0.06693803708729082, 0.06784260515603799]
best_action 3,0:1
Player 1 placed a piece at (3, 0) : 
 0 0 0 0
 0 0 2 0
 0 2 1 0
 1 0 0 0
distribution [0.00798782807151008, 0.015214910612400151, 0.0007607455306200076, 0.020540129326740205, 0.014454165081780145, 0.0015214910612400153, 0, 0.002282236591860023, 0.9246861924686193, 0, 0, 0.005705591479650057, 0, 0.004564473183720046, 0.0007607455306200076, 0.0015214910612400153]
best_action 2,0:2
Player 2 placed a piece at (2, 0) : 
 0 0 0 0
 0 0 2 0
 2 2 1 0
 1 0 0 0
distribution [0.10381403746332657, 0.10110584518167456, 0.09095012412547958, 0.07808621078763259, 0.08598510494245092, 0.10629654705484089, 0, 0.09095012412547958, 0, 0, 0, 0.09095012412547958, 0, 0.08282554728052359, 0.0753780185059806, 0.09365831640713157]
best_action 1,1:1
Player 1 placed a piece at (1, 1) : 
 0 0 0 0
 0 1 2 0
 2 2 1 0
 1 0 0 0
distribution [0.006475111290975314, 0.010926750303520841, 0.019830028328611898, 0.4378794010522056, 0.009307972480777013, 0, 0, 0.4378794010522056, 0, 0, 0, 0.004046944556859571, 0, 0.013759611493322542, 0.04127883447996762, 0.018615944961554026]
best_action 0,3:2
Player 2 placed a piece at (0, 3) : 
 0 0 0 2
 0 1 2 0
 2 2 1 0
 1 0 0 0
Train on 14 samples
Epoch 1/5
14/14 - 0s - loss: 2.7726 - mse: 0.0186
Epoch 2/5
14/14 - 0s - loss: 2.7721 - mse: 0.0186
Epoch 3/5
14/14 - 0s - loss: 2.7717 - mse: 0.0186
Epoch 4/5
14/14 - 0s - loss: 2.7712 - mse: 0.0186
Epoch 5/5
14/14 - 0s - loss: 2.7707 - mse: 0.0186
Player 2 wins the game
--- Starting game 2 ---
Start state: 
 0 0 0 0
 0 0 0 0
 0 0 0 0
 0 0 0 0
distribution [0.008, 0.0365, 0.0925, 0.039, 0.011, 0.008, 0.1545, 0.2735, 0.007, 0.126, 0.0195, 0.0465, 0.087, 0.0625, 0.0265, 0.002]
best_action 1,3:2
Player 2 placed a piece at (1, 3) : 
 0 0 0 0
 0 0 0 2
 0 0 0 0
 0 0 0 0
distribution [0.0298390263054574, 0.011778563015312132, 0.011778563015312132, 0.05143305850019631, 0.009030231645072634, 0.0895170789163722, 0.11346682371417353, 0, 0.18335296427169218, 0.017275225755791126, 0.009815469179426776, 0.04122497055359246, 0.41539065567334116, 0.007852375343541421, 0.004711425206124852, 0.0035335689045936395]
best_action 3,0:1
Player 1 placed a piece at (3, 0) : 
 0 0 0 0
 0 0 0 2
 0 0 0 0
 1 0 0 0
distribution [0.00948332243296272, 0.00882930019620667, 0.04349247874427731, 0.01962066710268149, 0.038260300850228905, 0.22531066056245913, 0.1419228253760628, 0, 0.34990189666448657, 0.07848266841072596, 0.04218443427076521, 0.02223675604970569, 0, 0.001962066710268149, 0.00948332243296272, 0.00882930019620667]
best_action 2,0:2
Player 2 placed a piece at (2, 0) : 
 0 0 0 0
 0 0 0 2
 2 0 0 0
 1 0 0 0
distribution [0.01726384364820847, 0.018566775244299675, 0.06123778501628664, 0.011074918566775244, 0.03061889250814332, 0.00749185667752443, 0.8078175895765473, 0, 0, 0.005863192182410423, 0.023127035830618894, 0.0068403908794788275, 0, 0.0026058631921824105, 0.005863192182410423, 0.0016286644951140066]
best_action 1,2:1
Player 1 placed a piece at (1, 2) : 
 0 0 0 0
 0 0 1 2
 2 0 0 0
 1 0 0 0
distribution [0.026098594691055098, 0.039259424492527326, 0.09591791211242472, 0.1383002453714031, 0.06000446129823779, 0.04728976132054428, 0, 0, 0, 0.17443676109747935, 0.03769797010930181, 0.02186036136515726, 0, 0.05197412447022083, 0.2656703100602275, 0.04149007361142092]
best_action 3,2:2
Player 2 placed a piece at (3, 2) : 
 0 0 0 0
 0 0 1 2
 2 0 0 0
 1 0 2 0
distribution [0.02130993418990912, 0.005640864932623002, 0.011595111250391726, 0.012535255405828893, 0.009088060169225948, 0.002820432466311501, 0, 0, 0, 0.0006267627702914447, 0.9025383892196803, 0.026010654967094954, 0, 0.002820432466311501, 0, 0.005014102162331557]
best_action 2,2:1
Player 1 placed a piece at (2, 2) : 
 0 0 0 0
 0 0 1 2
 2 0 1 0
 1 0 2 0
distribution [0.10020491803278689, 0.1151639344262295, 0.060655737704918035, 0.0778688524590164, 0.13790983606557378, 0.13790983606557378, 0, 0, 0, 0.0932377049180328, 0, 0.08770491803278689, 0, 0.10573770491803279, 0, 0.08360655737704918]
best_action 1,0:2
Player 2 placed a piece at (1, 0) : 
 0 0 0 0
 2 0 1 2
 2 0 1 0
 1 0 2 0
distribution [0.0003714710252600297, 0.02451708766716196, 0.0029717682020802376, 0.006315007429420505, 0, 0.01634472511144131, 0, 0, 0, 0.7700594353640416, 0, 0.0003714710252600297, 0, 0.15341753343239228, 0, 0.02563150074294205]
best_action 2,1:1
Player 1 placed a piece at (2, 1) : 
 0 0 0 0
 2 0 1 2
 2 1 1 0
 1 0 2 0
distribution [0.09258349705304518, 0.15618860510805502, 0.11051080550098231, 0.16036345776031435, 0, 0.14022593320235757, 0, 0, 0, 0, 0, 0.12352652259332024, 0, 0.10609037328094302, 0, 0.11051080550098231]
best_action 0,3:2
Player 2 placed a piece at (0, 3) : 
 0 0 0 2
 2 0 1 2
 2 1 1 0
 1 0 2 0
distribution [0.00037678975131876413, 0.19065561416729465, 0.785983421250942, 0, 0, 0.00037678975131876413, 0, 0, 0, 0, 0, 0.0048982667671439335, 0, 0.01544837980406933, 0, 0.002260738507912585]
best_action 0,2:1
Player 1 placed a piece at (0, 2) : 
 0 0 1 2
 2 0 1 2
 2 1 1 0
 1 0 2 0
Train on 34 samples
Epoch 1/5
34/34 - 0s - loss: 2.7713 - mse: 0.0190
Epoch 2/5
34/34 - 0s - loss: 2.7710 - mse: 0.0190
Epoch 3/5
34/34 - 0s - loss: 2.7707 - mse: 0.0190
Epoch 4/5
34/34 - 0s - loss: 2.7704 - mse: 0.0190
Epoch 5/5
34/34 - 0s - loss: 2.7701 - mse: 0.0190
Player 1 wins the game
--- Starting game 3 ---
Start state: 
 0 0 0 0
 0 0 0 0
 0 0 0 0
 0 0 0 0
distribution [0.0055, 0.0315, 0.008, 0.0765, 0.0495, 0.1355, 0.0065, 0.0465, 0.081, 0.109, 0.1735, 0.0135, 0.191, 0.0165, 0.046, 0.01]
best_action 3,0:2
Player 2 placed a piece at (3, 0) : 
 0 0 0 0
 0 0 0 0
 0 0 0 0
 2 0 0 0
distribution [0.007979840403191937, 0.06761864762704746, 0.07055858882822344, 0.028559428811423773, 0.025619487610247797, 0.010919781604367913, 0.2003359932801344, 0.12011759764804704, 0.06425871482570349, 0.02771944561108778, 0.14531709365812684, 0.04031919361612768, 0, 0.11927761444771104, 0.00251994960100798, 0.06887862242755145]
best_action 1,2:1
Player 1 placed a piece at (1, 2) : 
 0 0 0 0
 0 0 1 0
 0 0 0 0
 2 0 0 0
distribution [0.021800565199838515, 0.031489705288655634, 0.0072668550666128385, 0.031489705288655634, 0.018974566007266856, 0.006459426725878078, 0, 0.018167137666532097, 0.0016148566814695195, 0.025433992733144933, 0.6955995155429956, 0.0036334275333064193, 0, 0.08922083165119096, 0.03350827614049253, 0.015341138473960436]
best_action 2,2:2
Player 2 placed a piece at (2, 2) : 
 0 0 0 0
 0 0 1 0
 0 0 2 0
 2 0 0 0
distribution [0.05415549597855228, 0.06756032171581769, 0.05415549597855228, 0.04048257372654156, 0.05630026809651475, 0.07908847184986595, 0, 0.1646112600536193, 0.08873994638069706, 0.06461126005361931, 0, 0.08659517426273458, 0, 0.05737265415549598, 0.09758713136729223, 0.08873994638069706]
best_action 1,3:1
Player 1 placed a piece at (1, 3) : 
 0 0 0 0
 0 0 1 1
 0 0 2 0
 2 0 0 0
distribution [0.0007651109410864575, 0.0007651109410864575, 0.005738332058148432, 0.011859219586840091, 0.0076511094108645756, 0.0038255547054322878, 0, 0, 0.0019127773527161439, 0.025631216526396328, 0, 0.9192807957153787, 0, 0.006503442999234889, 0.0007651109410864575, 0.015302218821729151]
best_action 2,3:2
Player 2 placed a piece at (2, 3) : 
 0 0 0 0
 0 0 1 1
 0 0 2 2
 2 0 0 0
distribution [0.07653872359754713, 0.10265727912786736, 0.08721326368385192, 0.10265727912786736, 0.09243697478991597, 0.10015898251192369, 0, 0, 0.10538269361798773, 0.0792641380876675, 0, 0, 0, 0.08198955257778787, 0.08448784919373155, 0.08721326368385192]
best_action 2,0:1
Player 1 placed a piece at (2, 0) : 
 0 0 0 0
 0 0 1 1
 1 0 2 2
 2 0 0 0
distribution [0.031643002028397565, 0.017849898580121704, 0.010141987829614604, 0.004462474645030426, 0.025963488843813387, 0.010141987829614604, 0, 0, 0, 0.44746450304259633, 0, 0, 0, 0.4478701825557809, 0.00040567951318458417, 0.004056795131845842]
best_action 3,1:2
Player 2 placed a piece at (3, 1) : 
 0 0 0 0
 0 0 1 1
 1 0 2 2
 2 2 0 0
Train on 48 samples
Epoch 1/5
48/48 - 0s - loss: 2.7708 - mse: 0.0179
Epoch 2/5
48/48 - 0s - loss: 2.7705 - mse: 0.0179
Epoch 3/5
48/48 - 0s - loss: 2.7703 - mse: 0.0179
Epoch 4/5
48/48 - 0s - loss: 2.7700 - mse: 0.0179
Epoch 5/5
48/48 - 0s - loss: 2.7697 - mse: 0.0179
Player 2 wins the game
--- Starting game 4 ---
Start state: 
 0 0 0 0
 0 0 0 0
 0 0 0 0
 0 0 0 0
distribution [0.002, 0.0075, 0.0665, 0.0325, 0.04, 0.1165, 0.012, 0.0075, 0.077, 0.051, 0.0065, 0.0325, 0.441, 0.0065, 0.084, 0.017]
best_action 3,0:2
Player 2 placed a piece at (3, 0) : 
 0 0 0 0
 0 0 0 0
 0 0 0 0
 2 0 0 0
distribution [0.0024288688410825814, 0.010062456627342124, 0.04961832061068702, 0.11589174184594032, 0.0024288688410825814, 0.018736988202637056, 0.08605135322692574, 0.06037473976405274, 0.017696044413601664, 0.04441360166551006, 0.40041637751561415, 0.04371963913948647, 0, 0.06870229007633588, 0.04684247050659265, 0.03261623872310895]
best_action 2,2:1
Player 1 placed a piece at (2, 2) : 
 0 0 0 0
 0 0 0 0
 0 0 1 0
 2 0 0 0
distribution [0.0012682308180088776, 0.013950538998097653, 0.013316423589093214, 0.23937856689917564, 0.011414077362079899, 0.00538998097653773, 0.5618262523779328, 0.07070386810399493, 0.0012682308180088776, 0.0012682308180088776, 0, 0.004121750158528852, 0, 0.004755865567533291, 0.0700697526949905, 0.0012682308180088776]
best_action 1,2:2
Player 2 placed a piece at (1, 2) : 
 0 0 0 0
 0 0 2 0
 0 0 1 0
 2 0 0 0
distribution [0.009013785790031814, 0.09968186638388123, 0.07661717921527042, 0.07237539766702014, 0.044538706256627786, 0.061505832449628844, 0, 0.09544008483563096, 0.09650053022269353, 0.18398727465535525, 0, 0.05222693531283139, 0, 0.13600212089077413, 0.06654294803817604, 0.005567338282078473]
best_action 2,1:1
Player 1 placed a piece at (2, 1) : 
 0 0 0 0
 0 0 2 0
 0 1 1 0
 2 0 0 0
distribution [0.0007421150278293135, 0.0018552875695732839, 0.0007421150278293135, 0.0007421150278293135, 0.0007421150278293135, 0.9621521335807051, 0, 0.008534322820037106, 0.0007421150278293135, 0, 0, 0.004823747680890538, 0, 0.0007421150278293135, 0.017439703153988868, 0.0007421150278293135]
best_action 1,1:2
Player 2 placed a piece at (1, 1) : 
 0 0 0 0
 0 2 2 0
 0 1 1 0
 2 0 0 0
distribution [0.08164598301763554, 0.1338994121489223, 0.11169170476812541, 0.0733725234051818, 0.0868713259307642, 0, 0, 0.06705856738515131, 0.08382320923143914, 0, 0, 0.09100805573699107, 0, 0.06161550185064228, 0.09928151534944481, 0.10973220117570215]
best_action 0,1:1
Player 1 placed a piece at (0, 1) : 
 0 1 0 0
 0 2 2 0
 0 1 1 0
 2 0 0 0
distribution [0.004161937192584185, 0, 0.003026863412788498, 0.03064699205448354, 0.02724177071509648, 0, 0, 0.0056753688989784334, 0.8479001135073779, 0, 0, 0.0022701475595913734, 0, 0.022323117669315173, 0.04918653045781309, 0.007567158531971245]
best_action 2,0:2
Player 2 placed a piece at (2, 0) : 
 0 1 0 0
 0 2 2 0
 2 1 1 0
 2 0 0 0
distribution [0.12379155859467107, 0, 0.11883989625088423, 0.12379155859467107, 0.10775760433859939, 0, 0, 0.10469228955435039, 0, 0, 0, 0.12049045036547984, 0, 0.10139118132515916, 0.09148785663758548, 0.10775760433859939]
best_action 0,0:1
Player 1 placed a piece at (0, 0) : 
 1 1 0 0
 0 2 2 0
 2 1 1 0
 2 0 0 0
distribution [0, 0, 0.00830367734282325, 0.4100434954527481, 0.010676156583629894, 0, 0, 0.41043890865954924, 0, 0, 0, 0.03716884143930407, 0, 0.04389086595492289, 0.018979833926453145, 0.060498220640569395]
best_action 1,3:2
Player 2 placed a piece at (1, 3) : 
 1 1 0 0
 0 2 2 2
 2 1 1 0
 2 0 0 0
Train on 66 samples
Epoch 1/5
66/66 - 0s - loss: 2.7693 - mse: 0.0179
Epoch 2/5
66/66 - 0s - loss: 2.7690 - mse: 0.0179
Epoch 3/5
66/66 - 0s - loss: 2.7687 - mse: 0.0178
Epoch 4/5
66/66 - 0s - loss: 2.7684 - mse: 0.0178
Epoch 5/5
66/66 - 0s - loss: 2.7681 - mse: 0.0178
Player 2 wins the game
--- Starting game 5 ---
Start state: 
 0 0 0 0
 0 0 0 0
 0 0 0 0
 0 0 0 0
distribution [0.0305, 0.0435, 0.011, 0.078, 0.0655, 0.0625, 0.015, 0.1185, 0.105, 0.1155, 0.1225, 0.009, 0.0535, 0.1095, 0.0435, 0.017]
best_action 2,2:2
Player 2 placed a piece at (2, 2) : 
 0 0 0 0
 0 0 0 0
 0 0 2 0
 0 0 0 0
distribution [0.008463251670378619, 0.008463251670378619, 0.012472160356347439, 0.014699331848552339, 0.0062360801781737195, 0.18930957683741648, 0.004899777282850779, 0.014699331848552339, 0.008463251670378619, 0.4472160356347439, 0, 0.004899777282850779, 0.16302895322939867, 0.10200445434298441, 0.0075723830734966595, 0.0075723830734966595]
best_action 2,1:1
Player 1 placed a piece at (2, 1) : 
 0 0 0 0
 0 0 0 0
 0 1 2 0
 0 0 0 0
distribution [0.036284953395472705, 0.049933422103861515, 0.014314247669773635, 0.12283621837549934, 0.11817576564580559, 0.2173768308921438, 0.09154460719041278, 0.09986684420772303, 0.045938748335552594, 0, 0, 0.016977363515312916, 0.031291611185086554, 0.07689747003994674, 0.05392809587217044, 0.02463382157123835]
best_action 1,1:2
Player 2 placed a piece at (1, 1) : 
 0 0 0 0
 0 2 0 0
 0 1 2 0
 0 0 0 0
distribution [0.0011307953260459858, 0.003769317753486619, 0.011684885035808518, 0.04372408594044478, 0.02600829249905767, 0, 0.8273652468903129, 0.0011307953260459858, 0.0079155672823219, 0, 0, 0.0011307953260459858, 0.017338861666038447, 0.050508857896720695, 0.007161703731624576, 0.0011307953260459858]
best_action 1,2:1
Player 1 placed a piece at (1, 2) : 
 0 0 0 0
 0 2 1 0
 0 1 2 0
 0 0 0 0
distribution [0.11060786650774732, 0.07222884386174017, 0.0734207389749702, 0.08152562574493445, 0.0934445768772348, 0, 0, 0.024791418355184745, 0.13492252681764005, 0, 0, 0.09272943980929678, 0.09058402860548272, 0.07103694874851013, 0.08247914183551848, 0.07222884386174017]
best_action 2,0:2
Player 2 placed a piece at (2, 0) : 
 0 0 0 0
 0 2 1 0
 2 1 2 0
 0 0 0 0
distribution [0.0050682261208577, 0.0035087719298245615, 0.012085769980506823, 0.01871345029239766, 0.007407407407407408, 0, 0, 0.0027290448343079924, 0, 0, 0, 0.011695906432748537, 0.009746588693957114, 0.917738791423002, 0.007797270955165692, 0.0035087719298245615]
best_action 3,1:1
Player 1 placed a piece at (3, 1) : 
 0 0 0 0
 0 2 1 0
 2 1 2 0
 0 1 0 0
distribution [0.10748736793752871, 0.09554432705558108, 0.09554432705558108, 0.08015617822691777, 0.09255856683509417, 0, 0, 0.11322921451538814, 0, 0, 0, 0.08957280661460726, 0.09554432705558108, 0, 0.1045016077170418, 0.12586127698667893]
best_action 3,3:2
Player 2 placed a piece at (3, 3) : 
 0 0 0 0
 0 2 1 0
 2 1 2 0
 0 1 0 2
distribution [0.022213561964146533, 0.02494154325798909, 0.42049883086515977, 0.4201091192517537, 0.010522213561964146, 0, 0, 0.014809041309431021, 0, 0, 0, 0.02377240841777085, 0.03507404520654715, 0, 0.028059236165237724, 0]
best_action 0,2:1
Player 1 placed a piece at (0, 2) : 
 0 0 1 0
 0 2 1 0
 2 1 2 0
 0 1 0 2
Train on 82 samples
Epoch 1/5
82/82 - 0s - loss: 2.7682 - mse: 0.0175
Epoch 2/5
82/82 - 0s - loss: 2.7680 - mse: 0.0175
Epoch 3/5
82/82 - 0s - loss: 2.7677 - mse: 0.0175
Epoch 4/5
82/82 - 0s - loss: 2.7674 - mse: 0.0175
Epoch 5/5
82/82 - 0s - loss: 2.7671 - mse: 0.0175
Player 1 wins the game
--- Starting game 6 ---
Start state: 
 0 0 0 0
 0 0 0 0
 0 0 0 0
 0 0 0 0
distribution [0.01, 0.07, 0.008, 0.012, 0.0765, 0.071, 0.036, 0.064, 0.1185, 0.0025, 0.204, 0.0245, 0.151, 0.03, 0.0935, 0.0285]
best_action 2,2:2
Player 2 placed a piece at (2, 2) : 
 0 0 0 0
 0 0 0 0
 0 0 2 0
 0 0 0 0
distribution [0.006229235880398671, 0.006229235880398671, 0.04235880398671096, 0.040697674418604654, 0.007890365448504983, 0.038621262458471764, 0.02159468438538206, 0.007890365448504983, 0.0170265780730897, 0.015365448504983389, 0, 0.0016611295681063123, 0.7487541528239202, 0.0170265780730897, 0.026993355481727575, 0.0016611295681063123]
best_action 3,0:1
Player 1 placed a piece at (3, 0) : 
 0 0 0 0
 0 0 0 0
 0 0 2 0
 1 0 0 0
distribution [0.03392058900867736, 0.07152248225085459, 0.03286878779910597, 0.03339468840389166, 0.08125164343938995, 0.5166973442019458, 0.003944254535892716, 0.027609781751249014, 0.045227452011569816, 0.017091769655535105, 0, 0.024454378122534842, 0, 0.028924533263213252, 0.04785695503549829, 0.035235340520641596]
best_action 1,1:2
Player 2 placed a piece at (1, 1) : 
 0 0 0 0
 0 2 0 0
 0 0 2 0
 1 0 0 0
distribution [0.03605648008068583, 0.12733232476046394, 0.00832072617246596, 0.09581442259203228, 0.07387796268280383, 0, 0.17322239031770045, 0.19339384770549672, 0.0978315683308119, 0.06202723146747353, 0, 0.10186585980837115, 0, 0.006303580433686334, 0.01361573373676248, 0.010337871911245588]
best_action 1,3:1
Player 1 placed a piece at (1, 3) : 
 0 0 0 0
 0 2 0 1
 0 0 2 0
 1 0 0 0
distribution [0.018070112034694615, 0.012287676183592338, 0.028189374774123598, 0.7668955547524394, 0.04842790025298157, 0, 0.050957715937838814, 0, 0.014456089627755691, 0.010480664980122878, 0, 0.023491145645103, 0, 0.005059631369714492, 0.008312251535959523, 0.013371882905674015]
best_action 0,3:2
Player 2 placed a piece at (0, 3) : 
 0 0 0 2
 0 2 0 1
 0 0 2 0
 1 0 0 0
distribution [0.09995147986414361, 0.1351285783600194, 0.17952450266860748, 0, 0.06938379427462397, 0, 0.07666181465308103, 0, 0.06817079087821445, 0.09218825812712275, 0, 0.06938379427462397, 0, 0.05652595827268316, 0.05652595827268316, 0.096555070354197]
best_action 0,2:1
Player 1 placed a piece at (0, 2) : 
 0 0 1 2
 0 2 0 1
 0 0 2 0
 1 0 0 0
distribution [0.0021897810218978104, 0.008029197080291971, 0, 0, 0.020437956204379562, 0, 0.9105839416058394, 0, 0.02846715328467153, 0.0062043795620437955, 0, 0.0040145985401459855, 0, 0.00072992700729927, 0.00948905109489051, 0.009854014598540146]
best_action 1,2:2
Player 2 placed a piece at (1, 2) : 
 0 0 1 2
 0 2 2 1
 0 0 2 0
 1 0 0 0
distribution [0.10611790878754171, 0.09098998887652948, 0, 0, 0.10611790878754171, 0, 0, 0, 0.10233592880978866, 0.1132369299221357, 0, 0.12413793103448276, 0, 0.0985539488320356, 0.11701890989988877, 0.14149054505005562]
best_action 3,3:1
Player 1 placed a piece at (3, 3) : 
 0 0 1 2
 0 2 2 1
 0 0 2 0
 1 0 0 1
distribution [0.014031095942358742, 0.053469852104664393, 0, 0, 0.44558210087220324, 0, 0, 0, 0.44558210087220324, 0.0022753128555176336, 0, 0.008722032612817596, 0, 0.017064846416382253, 0.013272658323852863, 0]
best_action 1,0:2
Player 2 placed a piece at (1, 0) : 
 0 0 1 2
 2 2 2 1
 0 0 2 0
 1 0 0 1
Train on 100 samples
Epoch 1/5
100/100 - 0s - loss: 2.7674 - mse: 0.0175
Epoch 2/5
100/100 - 0s - loss: 2.7671 - mse: 0.0175
Epoch 3/5
100/100 - 0s - loss: 2.7668 - mse: 0.0175
Epoch 4/5
100/100 - 0s - loss: 2.7665 - mse: 0.0175
Epoch 5/5
100/100 - 0s - loss: 2.7662 - mse: 0.0175
Player 2 wins the game
--- Starting game 7 ---
Start state: 
 0 0 0 0
 0 0 0 0
 0 0 0 0
 0 0 0 0
distribution [0.0055, 0.0855, 0.0115, 0.051, 0.1145, 0.033, 0.259, 0.0415, 0.024, 0.0985, 0.023, 0.0715, 0.0025, 0.023, 0.0725, 0.0835]
best_action 1,2:2
Player 2 placed a piece at (1, 2) : 
 0 0 0 0
 0 0 2 0
 0 0 0 0
 0 0 0 0
distribution [0.010722795869737888, 0.015091342335186657, 0.023828435266084195, 0.17712470214455917, 0.049642573471008734, 0.267275615567911, 0, 0.027005559968228753, 0.04805401111993646, 0.06354249404289118, 0.11556791104050834, 0.05123113582208102, 0.08776806989674345, 0.03137410643367752, 0.008737092930897538, 0.023034154090548053]
best_action 1,1:1
Player 1 placed a piece at (1, 1) : 
 0 0 0 0
 0 1 2 0
 0 0 0 0
 0 0 0 0
distribution [0.014970059880239521, 0.027694610778443114, 0.007110778443113772, 0.035179640718562874, 0.03330838323353293, 0, 0, 0.0048652694610778445, 0.0407934131736527, 0.7398952095808383, 0.008233532934131737, 0.012724550898203593, 0.035179640718562874, 0.00561377245508982, 0.030688622754491017, 0.0037425149700598802]
best_action 2,1:2
Player 2 placed a piece at (2, 1) : 
 0 0 0 0
 0 1 2 0
 0 2 0 0
 0 0 0 0
distribution [0.03972843852149862, 0.10409856675886346, 0.06663314055820971, 0.13879808901181795, 0.03243650993210963, 0, 0, 0.05657530802112145, 0.17877797334674378, 0, 0.03419663062610007, 0.05732964546140307, 0.06512446567764647, 0.12647724415388484, 0.05305506663314056, 0.046768921297460395]
best_action 2,0:1
Player 1 placed a piece at (2, 0) : 
 0 0 0 0
 0 1 2 0
 1 2 0 0
 0 0 0 0
distribution [0.011799410029498525, 0.01364306784660767, 0.0007374631268436578, 0.008480825958702065, 0.00663716814159292, 0, 0, 0.009218289085545723, 0, 0, 0.0007374631268436578, 0.033185840707964605, 0.8978613569321534, 0.007374631268436578, 0.008480825958702065, 0.0018436578171091445]
best_action 3,0:2
Player 2 placed a piece at (3, 0) : 
 0 0 0 0
 0 1 2 0
 1 2 0 0
 2 0 0 0
distribution [0.07891770011273957, 0.07891770011273957, 0.08906426155580609, 0.0915445321307779, 0.08906426155580609, 0, 0, 0.10394588500563698, 0, 0, 0.0992108229988726, 0.08162344983089065, 0, 0.09425028184892897, 0.09673055242390079, 0.09673055242390079]
best_action 1,3:1
Player 1 placed a piece at (1, 3) : 
 0 0 0 0
 0 1 2 1
 1 2 0 0
 2 0 0 0
distribution [0.005688744412840309, 0.008939455505891914, 0.0004063388866314506, 0.9325477448191792, 0.0004063388866314506, 0, 0, 0, 0, 0, 0.0077204388459975615, 0.0020316944331572532, 0, 0.0004063388866314506, 0.025599349857781388, 0.016253555465258026]
best_action 0,3:2
Player 2 placed a piece at (0, 3) : 
 0 0 0 2
 0 1 2 1
 1 2 0 0
 2 0 0 0
Train on 114 samples
Epoch 1/5
114/114 - 0s - loss: 2.7664 - mse: 0.0178
Epoch 2/5
114/114 - 0s - loss: 2.7660 - mse: 0.0178
Epoch 3/5
114/114 - 0s - loss: 2.7657 - mse: 0.0178
Epoch 4/5
114/114 - 0s - loss: 2.7653 - mse: 0.0178
Epoch 5/5
114/114 - 0s - loss: 2.7650 - mse: 0.0178
Player 2 wins the game
--- Starting game 8 ---
Start state: 
 0 0 0 0
 0 0 0 0
 0 0 0 0
 0 0 0 0
distribution [0.004, 0.002, 0.0085, 0.0095, 0.0095, 0.03, 0.52, 0.015, 0.0275, 0.002, 0.179, 0.018, 0.108, 0.002, 0.0565, 0.0085]
best_action 1,2:2
Player 2 placed a piece at (1, 2) : 
 0 0 0 0
 0 0 2 0
 0 0 0 0
 0 0 0 0
distribution [0.011842105263157895, 0.11513157894736842, 0.016776315789473684, 0.19539473684210526, 0.04671052631578947, 0.05394736842105263, 0, 0.05263157894736842, 0.12203947368421053, 0.09572368421052632, 0.040460526315789475, 0.06842105263157895, 0.12763157894736843, 0.014144736842105264, 0.005592105263157895, 0.03355263157894737]
best_action 0,3:1
Player 1 placed a piece at (0, 3) : 
 0 0 0 1
 0 0 2 0
 0 0 0 0
 0 0 0 0
distribution [0.007710100231303007, 0.001156515034695451, 0.001156515034695451, 0, 0.001156515034695451, 0.06013878180416345, 0, 0.7166538164996145, 0.040092521202775636, 0.002313030069390902, 0.011950655358519661, 0.013878180416345412, 0.012721665381649962, 0.023515805705474173, 0.09290670778720124, 0.014649190439475714]
best_action 1,3:2
Player 2 placed a piece at (1, 3) : 
 0 0 0 1
 0 0 2 2
 0 0 0 0
 0 0 0 0
distribution [0.0738533298782068, 0.06737496760818865, 0.061933143301373415, 0, 0.08629178543664162, 0.06918890904379373, 0, 0, 0.3202902306296968, 0.10054418243068153, 0.04068411505571391, 0.010106245141228298, 0.0738533298782068, 0.04068411505571391, 0.02409950764446748, 0.031096138896087068]
best_action 2,0:1
Player 1 placed a piece at (2, 0) : 
 0 0 0 1
 0 0 2 2
 1 0 0 0
 0 0 0 0
distribution [0.014215080346106305, 0.05871446229913473, 0.011124845488257108, 0, 0.002781211372064277, 0.04295426452410383, 0, 0, 0, 0.07849196538936959, 0.009270704573547589, 0.004326328800988875, 0.765451174289246, 0.0040173053152039555, 0.000927070457354759, 0.0077255871446229914]
best_action 3,0:2
Player 2 placed a piece at (3, 0) : 
 0 0 0 1
 0 0 2 2
 1 0 0 0
 2 0 0 0
distribution [0.03750837240455459, 0.03281982585398526, 0.020093770931011386, 0, 0.03594552355436481, 0.04041080598347845, 0, 0, 0, 0.6718017414601474, 0.041750390712212544, 0.03281982585398526, 0, 0.04331323956240232, 0.02344273275284662, 0.020093770931011386]
best_action 2,1:1
Player 1 placed a piece at (2, 1) : 
 0 0 0 1
 0 0 2 2
 1 1 0 0
 2 0 0 0
distribution [0.006387225548902195, 0.8892215568862275, 0.010179640718562874, 0, 0.01716566866267465, 0.00499001996007984, 0, 0, 0, 0, 0.0029940119760479044, 0.0031936127744510976, 0, 0.04730538922155689, 0.014171656686626746, 0.004391217564870259]
best_action 0,1:2
Player 2 placed a piece at (0, 1) : 
 0 2 0 1
 0 0 2 2
 1 1 0 0
 2 0 0 0
distribution [0.08868596192539854, 0, 0.11190218232471753, 0, 0.06299334468348552, 0.09549605324253212, 0, 0, 0, 0, 0.17752669865345921, 0.11995047206314811, 0, 0.10230614455966569, 0.12923696022287573, 0.11190218232471753]
best_action 2,2:1
Player 1 placed a piece at (2, 2) : 
 0 2 0 1
 0 0 2 2
 1 1 1 0
 2 0 0 0
distribution [0.0015888147442008262, 0, 0.0076263107721639654, 0, 0.08007626310772165, 0.008261836669844296, 0, 0, 0, 0, 0, 0.0015888147442008262, 0, 0.8122020972354623, 0.08071178900540198, 0.00794407372100413]
best_action 3,1:2
Player 2 placed a piece at (3, 1) : 
 0 2 0 1
 0 0 2 2
 1 1 1 0
 2 2 0 0
distribution [0.13124452234881684, 0, 0.10276073619631902, 0, 0.16652059596844873, 0.11722173531989483, 0, 0, 0, 0, 0, 0.1579754601226994, 0, 0, 0.17068361086765996, 0.15359333917616128]
best_action 3,2:1
Player 1 placed a piece at (3, 2) : 
 0 2 0 1
 0 0 2 2
 1 1 1 0
 2 2 1 0
distribution [0.274446823697359, 0, 0.00035688793718772306, 0, 0.27480371163454675, 0.4197002141327623, 0, 0, 0, 0, 0, 0.03033547466095646, 0, 0, 0, 0.00035688793718772306]
best_action 1,1:2
Player 2 placed a piece at (1, 1) : 
 0 2 0 1
 0 2 2 2
 1 1 1 0
 2 2 1 0
distribution [0.22544080604534006, 0, 0.1860831234256927, 0, 0.20623425692695213, 0, 0, 0, 0, 0, 0, 0.17600755667506296, 0, 0, 0, 0.20623425692695213]
best_action 0,0:1
Player 1 placed a piece at (0, 0) : 
 1 2 0 1
 0 2 2 2
 1 1 1 0
 2 2 1 0
distribution [0, 0, 0.0003621876131836291, 0, 0.9974646867077146, 0, 0, 0, 0, 0, 0, 0.0003621876131836291, 0, 0, 0, 0.0018109380659181455]
best_action 1,0:2
Player 2 placed a piece at (1, 0) : 
 1 2 0 1
 2 2 2 2
 1 1 1 0
 2 2 1 0
Train on 140 samples
Epoch 1/5
140/140 - 0s - loss: 2.7672 - mse: 0.0186
Epoch 2/5
140/140 - 0s - loss: 2.7670 - mse: 0.0186
Epoch 3/5
140/140 - 0s - loss: 2.7667 - mse: 0.0186
Epoch 4/5
140/140 - 0s - loss: 2.7664 - mse: 0.0186
Epoch 5/5
140/140 - 0s - loss: 2.7661 - mse: 0.0186
Player 2 wins the game
--- Starting game 9 ---
Start state: 
 0 0 0 0
 0 0 0 0
 0 0 0 0
 0 0 0 0
distribution [0.012, 0.0025, 0.0305, 0.059, 0.0645, 0.007, 0.143, 0.0155, 0.045, 0.0985, 0.02, 0.086, 0.2695, 0.055, 0.0605, 0.0315]
best_action 3,0:2
Player 2 placed a piece at (3, 0) : 
 0 0 0 0
 0 0 0 0
 0 0 0 0
 2 0 0 0
distribution [0.05198897203623474, 0.00669554942890902, 0.0035447026388341868, 0.030326900354470263, 0.08586057502953919, 0.03269003544702639, 0.038991729027176056, 0.16541945647892872, 0.01811736904293029, 0.08586057502953919, 0.25324931075226464, 0.004726270185112249, 0, 0.18038597873178416, 0.03347774714454509, 0.00866482867270579]
best_action 2,2:1
Player 1 placed a piece at (2, 2) : 
 0 0 0 0
 0 0 0 0
 0 0 1 0
 2 0 0 0
distribution [0.006432084752175558, 0.006432084752175558, 0.007188800605372683, 0.027998486568293606, 0.00832387438516837, 0.004540295119182747, 0.8339008702232312, 0.009080590238365494, 0.014377601210745366, 0.007188800605372683, 0, 0.0018917896329928112, 0, 0.01172909572455543, 0.0018917896329928112, 0.05902383654937571]
best_action 1,2:2
Player 2 placed a piece at (1, 2) : 
 0 0 0 0
 0 0 2 0
 0 0 1 0
 2 0 0 0
distribution [0.013555291319857313, 0.0535077288941736, 0.02235434007134364, 0.048038049940546966, 0.04470868014268728, 0.08252080856123663, 0, 0.05136741973840666, 0.03852556480380499, 0.39595719381688466, 0, 0.06682520808561236, 0, 0.07871581450653983, 0.03376932223543401, 0.07015457788347206]
best_action 2,1:1
Player 1 placed a piece at (2, 1) : 
 0 0 0 0
 0 0 2 0
 0 1 1 0
 2 0 0 0
distribution [0.0019089173711480775, 0.013635124079629125, 0.003817834742296155, 0.029724570493591493, 0.007908371966184892, 0.9154622307062994, 0, 0.010089991818925552, 0.0051813471502590676, 0, 0, 0.00327242977911099, 0, 0.00109080992637033, 0.00109080992637033, 0.006817562039814562]
best_action 1,1:2
Player 2 placed a piece at (1, 1) : 
 0 0 0 0
 0 2 2 0
 0 1 1 0
 2 0 0 0
distribution [0.07896210565615083, 0.09090909090909091, 0.061601642710472276, 0.059921597909277584, 0.20440545081202166, 0, 0, 0.12432331528840769, 0.059921597909277584, 0, 0, 0.09258913571028561, 0, 0.08493559828262087, 0.07037521000560015, 0.07205525480679485]
best_action 1,0:1
Player 1 placed a piece at (1, 0) : 
 0 0 0 0
 1 2 2 0
 0 1 1 0
 2 0 0 0
distribution [0.016478190630048465, 0.0006462035541195477, 0.004523424878836834, 0.004523424878836834, 0, 0, 0, 0.01680129240710824, 0.8988691437802908, 0, 0, 0.019709208400646203, 0, 0.017447495961227785, 0.00678513731825525, 0.014216478190630048]
best_action 2,0:2
Player 2 placed a piece at (2, 0) : 
 0 0 0 0
 1 2 2 0
 2 1 1 0
 2 0 0 0
distribution [0.12612424179042042, 0.11692114620372307, 0.12005856515373353, 0.10458063166701527, 0, 0, 0, 0.11064630830370216, 0, 0, 0, 0.12298682284040996, 0, 0.11692114620372307, 0.06797741058355992, 0.11378372725371261]
best_action 0,0:1
Player 1 placed a piece at (0, 0) : 
 1 0 0 0
 1 2 2 0
 2 1 1 0
 2 0 0 0
distribution [0, 0.008448540706605223, 0.006144393241167435, 0.41013824884792627, 0, 0, 0, 0.41013824884792627, 0, 0, 0, 0.04032258064516129, 0, 0.07142857142857142, 0.04685099846390169, 0.006528417818740399]
best_action 0,3:2
Player 2 placed a piece at (0, 3) : 
 1 0 0 2
 1 2 2 0
 2 1 1 0
 2 0 0 0
Train on 158 samples
Epoch 1/5
158/158 - 0s - loss: 2.7650 - mse: 0.0187
Epoch 2/5
158/158 - 0s - loss: 2.7646 - mse: 0.0187
Epoch 3/5
158/158 - 0s - loss: 2.7643 - mse: 0.0187
Epoch 4/5
158/158 - 0s - loss: 2.7639 - mse: 0.0187
Epoch 5/5
158/158 - 0s - loss: 2.7635 - mse: 0.0187
Player 2 wins the game
--- Starting game 10 ---
Start state: 
 0 0 0 0
 0 0 0 0
 0 0 0 0
 0 0 0 0
distribution [0.0225, 0.009, 0.1315, 0.009, 0.0215, 0.0065, 0.0275, 0.1195, 0.142, 0.2015, 0.0945, 0.049, 0.008, 0.039, 0.0955, 0.0235]
best_action 2,1:2
Player 2 placed a piece at (2, 1) : 
 0 0 0 0
 0 0 0 0
 0 2 0 0
 0 0 0 0
distribution [0.0024968789013732834, 0.0599250936329588, 0.02746566791510612, 0.018310445276737412, 0.03620474406991261, 0.0024968789013732834, 0.018310445276737412, 0.066167290886392, 0.07282563462338744, 0, 0.07948397836038286, 0.03870162297128589, 0.5380774032459426, 0.008739076154806492, 0.028297960882230546, 0.0024968789013732834]
best_action 3,0:1
Player 1 placed a piece at (3, 0) : 
 0 0 0 0
 0 0 0 0
 0 2 0 0
 1 0 0 0
distribution [0.007895535985423625, 0.04889158821743091, 0.0015183723048891589, 0.01579107197084725, 0.011843303978135438, 0.0832068023079259, 0.08138475554205891, 0.05132098390525357, 0.5703006377163681, 0, 0.026723352566049196, 0.0015183723048891589, 0, 0.016398420892802915, 0.06559368357121166, 0.017613118736714242]
best_action 2,0:2
Player 2 placed a piece at (2, 0) : 
 0 0 0 0
 0 0 0 0
 2 2 0 0
 1 0 0 0
distribution [0.04587628865979381, 0.04381443298969072, 0.0404639175257732, 0.07036082474226804, 0.04587628865979381, 0.04922680412371134, 0.07010309278350516, 0.20670103092783504, 0, 0, 0.2018041237113402, 0.07036082474226804, 0, 0.058762886597938144, 0.06391752577319587, 0.0327319587628866]
best_action 1,3:1
Player 1 placed a piece at (1, 3) : 
 0 0 0 0
 0 0 0 1
 2 2 0 0
 1 0 0 0
distribution [0.004998214923241699, 0.011781506604784006, 0.0014280614066404856, 0.02070689039628704, 0.0007140307033202428, 0.01035344519814352, 0.0032131381649410924, 0, 0, 0, 0.019992859692966797, 0.08318457693680828, 0, 0.0007140307033202428, 0.8421992145662264, 0.0007140307033202428]
best_action 3,2:2
Player 2 placed a piece at (3, 2) : 
 0 0 0 0
 0 0 0 1
 2 2 0 0
 1 0 2 0
distribution [0.04542326221610461, 0.0952053223216334, 0.060564349621472814, 0.14728148657949072, 0.06354668501949988, 0.03257627896306493, 0.062170222528102774, 0, 0, 0, 0.14338150952053222, 0.13236980958935535, 0, 0.15806377609543473, 0, 0.059417297545308556]
best_action 3,1:1
Player 1 placed a piece at (3, 1) : 
 0 0 0 0
 0 0 0 1
 2 2 0 0
 1 1 2 0
distribution [0.0007434944237918215, 0.0007434944237918215, 0.0044609665427509295, 0.058364312267657995, 0.005947955390334572, 0.010037174721189592, 0.00929368029739777, 0, 0, 0, 0.8784386617100371, 0.021189591078066915, 0, 0, 0, 0.010780669144981412]
best_action 2,2:2
Player 2 placed a piece at (2, 2) : 
 0 0 0 0
 0 0 0 1
 2 2 2 0
 1 1 2 0
distribution [0.10126002290950745, 0.09392898052691867, 0.10126002290950745, 0.09392898052691867, 0.12210767468499427, 0.09392898052691867, 0.13906071019473082, 0, 0, 0, 0, 0.13241695303550974, 0, 0, 0, 0.12210767468499427]
best_action 1,2:1
Player 1 placed a piece at (1, 2) : 
 0 0 0 0
 0 0 1 1
 2 2 2 0
 1 1 2 0
distribution [0.03486590038314176, 0.03333333333333333, 0.05478927203065134, 0.03793103448275862, 0.03486590038314176, 0.04291187739463601, 0, 0, 0, 0, 0, 0.38045977011494253, 0, 0, 0, 0.38084291187739466]
best_action 3,3:2
Player 2 placed a piece at (3, 3) : 
 0 0 0 0
 0 0 1 1
 2 2 2 0
 1 1 2 2
Train on 176 samples
Epoch 1/5
176/176 - 0s - loss: 2.7647 - mse: 0.0185
Epoch 2/5
176/176 - 0s - loss: 2.7643 - mse: 0.0185
Epoch 3/5
176/176 - 0s - loss: 2.7640 - mse: 0.0185
Epoch 4/5
176/176 - 0s - loss: 2.7636 - mse: 0.0185
Epoch 5/5
176/176 - 0s - loss: 2.7633 - mse: 0.0185
Player 2 wins the game
--- Starting game 11 ---
Start state: 
 0 0 0 0
 0 0 0 0
 0 0 0 0
 0 0 0 0
distribution [0.017, 0.0485, 0.0415, 0.0415, 0.026, 0.0925, 0.003, 0.1005, 0.0425, 0.2565, 0.031, 0.155, 0.106, 0.0135, 0.0045, 0.0205]
best_action 2,1:2
Player 2 placed a piece at (2, 1) : 
 0 0 0 0
 0 0 0 0
 0 2 0 0
 0 0 0 0
distribution [0.014723438121766812, 0.03103859928372463, 0.008356545961002786, 0.059291683247115, 0.050935137286112216, 0.04417031436530044, 0.05610823716673299, 0.013927576601671309, 0.04655789892558695, 0, 0.46518105849582175, 0.023079984082769598, 0.14763231197771587, 0.01870274572224433, 0.008356545961002786, 0.01193792280143255]
best_action 2,2:1
Player 1 placed a piece at (2, 2) : 
 0 0 0 0
 0 0 0 0
 0 2 1 0
 0 0 0 0
distribution [0.002840012622278321, 0.001577784790154623, 0.022088987062164722, 0.12874723887661724, 0.013884506153360681, 0.004417797412432944, 0.635847270432313, 0.006942253076680341, 0.00757336699274219, 0, 0, 0.001577784790154623, 0.044177974124329444, 0.005364468286525718, 0.11580940359734933, 0.009151151782896813]
best_action 1,2:2
Player 2 placed a piece at (1, 2) : 
 0 0 0 0
 0 0 2 0
 0 2 1 0
 0 0 0 0
distribution [0.05429638854296388, 0.07173100871731009, 0.053300124533001245, 0.048567870485678705, 0.04657534246575343, 0.07646326276463263, 0, 0.06874221668742217, 0.20772104607721045, 0, 0, 0.06027397260273973, 0.14744707347447072, 0.06699875466998755, 0.05031133250311332, 0.047571606475716066]
best_action 2,0:1
Player 1 placed a piece at (2, 0) : 
 0 0 0 0
 0 0 2 0
 1 2 1 0
 0 0 0 0
distribution [0.0028208744710860366, 0.0007052186177715092, 0.0007052186177715092, 0.020451339915373765, 0.08815232722143865, 0.001763046544428773, 0, 0.005289139633286318, 0, 0, 0, 0.004231311706629055, 0.8684767277856136, 0.0007052186177715092, 0.005994358251057828, 0.0007052186177715092]
best_action 3,0:2
Player 2 placed a piece at (3, 0) : 
 0 0 0 0
 0 0 2 0
 1 2 1 0
 2 0 0 0
distribution [0.08604077974456643, 0.10127716782433341, 0.09119426394801702, 0.07819852117409815, 0.09388303831503474, 0.10396594219135111, 0, 0.08872955411158413, 0, 0, 0, 0.09365897378444993, 0, 0.08088729554111584, 0.09881245798790052, 0.08335200537754874]
best_action 1,1:1
Player 1 placed a piece at (1, 1) : 
 0 0 0 0
 0 1 2 0
 1 2 1 0
 2 0 0 0
distribution [0.004462474645030426, 0.01257606490872211, 0.006896551724137931, 0.45354969574036513, 0.015821501014198783, 0, 0, 0.4539553752535497, 0, 0, 0, 0.008113590263691683, 0, 0.00040567951318458417, 0.023123732251521298, 0.021095334685598377]
best_action 1,3:2
Player 2 placed a piece at (1, 3) : 
 0 0 0 0
 0 1 2 2
 1 2 1 0
 2 0 0 0
Train on 190 samples
Epoch 1/5
190/190 - 0s - loss: 2.7621 - mse: 0.0183
Epoch 2/5
190/190 - 0s - loss: 2.7617 - mse: 0.0182
Epoch 3/5
190/190 - 0s - loss: 2.7612 - mse: 0.0182
Epoch 4/5
190/190 - 0s - loss: 2.7607 - mse: 0.0182
Epoch 5/5
190/190 - 0s - loss: 2.7601 - mse: 0.0182
Player 2 wins the game
--- Starting game 12 ---
Start state: 
 0 0 0 0
 0 0 0 0
 0 0 0 0
 0 0 0 0
distribution [0.0145, 0.0065, 0.003, 0.0455, 0.018, 0.038, 0.1725, 0.0325, 0.003, 0.0445, 0.325, 0.003, 0.203, 0.008, 0.0665, 0.0165]
best_action 2,2:2
Player 2 placed a piece at (2, 2) : 
 0 0 0 0
 0 0 0 0
 0 0 2 0
 0 0 0 0
distribution [0.007169811320754717, 0.0509433962264151, 0.02490566037735849, 0.018867924528301886, 0.006415094339622641, 0.005283018867924529, 0.17735849056603772, 0.08113207547169811, 0.005283018867924529, 0.15320754716981133, 0, 0.07849056603773585, 0.30943396226415093, 0.06264150943396227, 0.01169811320754717, 0.007169811320754717]
best_action 3,0:1
Player 1 placed a piece at (3, 0) : 
 0 0 0 0
 0 0 0 0
 0 0 2 0
 1 0 0 0
distribution [0.003900709219858156, 0.01524822695035461, 0.004964539007092199, 0.010638297872340425, 0.015957446808510637, 0.8606382978723405, 0.007446808510638298, 0.007446808510638298, 0.027659574468085105, 0.027659574468085105, 0, 0.005673758865248227, 0, 0.008156028368794326, 0.0028368794326241137, 0.0017730496453900709]
best_action 1,1:2
Player 2 placed a piece at (1, 1) : 
 0 0 0 0
 0 2 0 0
 0 0 2 0
 1 0 0 0
distribution [0.040876242095754294, 0.01038843721770551, 0.10682023486901536, 0.041327913279132794, 0.03681120144534779, 0, 0.09056007226738934, 0.23599819331526647, 0.048102981029810296, 0.07136404697380307, 0, 0.2028003613369467, 0, 0.04245709123757904, 0.031616982836495035, 0.040876242095754294]
best_action 1,3:1
Player 1 placed a piece at (1, 3) : 
 0 0 0 0
 0 2 0 1
 0 0 2 0
 1 0 0 0
distribution [0.00361247947454844, 0.0009852216748768472, 0.0049261083743842365, 0.07783251231527094, 0.019704433497536946, 0, 0.023316912972085387, 0, 0.04433497536945813, 0.020032840722495896, 0, 0.7885057471264367, 0, 0.0009852216748768472, 0.012151067323481117, 0.00361247947454844]
best_action 2,3:2
Player 2 placed a piece at (2, 3) : 
 0 0 0 0
 0 2 0 1
 0 0 2 2
 1 0 0 0
distribution [0.11747330152238128, 0.10793001590547603, 0.07566462167689161, 0.11156555328334469, 0.1031583730970234, 0, 0.1031583730970234, 0, 0.07157464212678936, 0.08748011815496479, 0, 0, 0, 0.1006589411497387, 0.08997955010224949, 0.03135650988411725]
best_action 0,0:1
Player 1 placed a piece at (0, 0) : 
 1 0 0 0
 0 2 0 1
 0 0 2 2
 1 0 0 0
distribution [0, 0.0019857029388403494, 0.0027799841143764893, 0.004368546465448769, 0.050436854646544876, 0, 0.035742652899126294, 0, 0.8768864177918984, 0.018665607625099286, 0, 0, 0, 0.004368546465448769, 0.003177124702144559, 0.0015885623510722795]
best_action 2,0:2
Player 2 placed a piece at (2, 0) : 
 1 0 0 0
 0 2 0 1
 2 0 2 2
 1 0 0 0
distribution [0, 0.10581257413997627, 0.09584816132858838, 0.09916963226571768, 0.1376037959667853, 0, 0.10581257413997627, 0, 0, 0.10913404507710557, 0, 0, 0, 0.10249110320284698, 0.12526690391459075, 0.11886120996441281]
best_action 1,0:1
Player 1 placed a piece at (1, 0) : 
 1 0 0 0
 1 2 0 1
 2 0 2 2
 1 0 0 0
distribution [0, 0.03032629558541267, 0.03915547024952015, 0.04069097888675624, 0, 0, 0.39731285988483683, 0, 0, 0.3976967370441459, 0, 0, 0, 0.026487523992322456, 0.025335892514395393, 0.042994241842610366]
best_action 2,1:2
Player 2 placed a piece at (2, 1) : 
 1 0 0 0
 1 2 0 1
 2 2 2 2
 1 0 0 0
Train on 208 samples
Epoch 1/5
208/208 - 0s - loss: 2.7590 - mse: 0.0182
Epoch 2/5
208/208 - 0s - loss: 2.7584 - mse: 0.0182
Epoch 3/5
208/208 - 0s - loss: 2.7577 - mse: 0.0182
Epoch 4/5
208/208 - 0s - loss: 2.7571 - mse: 0.0182
Epoch 5/5
208/208 - 0s - loss: 2.7563 - mse: 0.0182
Player 2 wins the game
--- Starting game 13 ---
Start state: 
 0 0 0 0
 0 0 0 0
 0 0 0 0
 0 0 0 0
distribution [0.0105, 0.033, 0.045, 0.037, 0.03, 0.045, 0.041, 0.031, 0.0175, 0.195, 0.039, 0.032, 0.3425, 0.0195, 0.0215, 0.0605]
best_action 3,0:2
Player 2 placed a piece at (3, 0) : 
 0 0 0 0
 0 0 0 0
 0 0 0 0
 2 0 0 0
distribution [0.02830540037243948, 0.0022346368715083797, 0.07188081936685288, 0.04283054003724395, 0.0223463687150838, 0.11024208566108007, 0.1266294227188082, 0.061080074487895715, 0.0022346368715083797, 0.05065176908752328, 0.40260707635009313, 0.02905027932960894, 0, 0.04059590316573557, 0.00707635009310987, 0.0022346368715083797]
best_action 2,2:1
Player 1 placed a piece at (2, 2) : 
 0 0 0 0
 0 0 0 0
 0 0 1 0
 2 0 0 0
distribution [0.0012982797792924375, 0.002596559558584875, 0.022395326192794548, 0.014605647517039922, 0.0032456994482310936, 0.007789678675754625, 0.8815319701395651, 0.012658227848101266, 0.002596559558584875, 0.0032456994482310936, 0, 0.004868549172346641, 0, 0.011359948068808828, 0.029211295034079845, 0.002596559558584875]
best_action 1,2:2
Player 2 placed a piece at (1, 2) : 
 0 0 0 0
 0 0 2 0
 0 0 1 0
 2 0 0 0
distribution [0.08757421543681086, 0.0417726887192536, 0.009329940627650551, 0.10687022900763359, 0.013358778625954198, 0.04877014418999152, 0, 0.08948261238337574, 0.05619168787107719, 0.3176420695504665, 0, 0.058312128922815946, 0, 0.02268871925360475, 0.06827820186598813, 0.07972858354537744]
best_action 2,1:1
Player 1 placed a piece at (2, 1) : 
 0 0 0 0
 0 0 2 0
 0 1 1 0
 2 0 0 0
distribution [0.0022850614110254213, 0.003427592116538132, 0.0028563267637817767, 0.027420736932305057, 0.003998857469294488, 0.9254498714652957, 0, 0.007140816909454442, 0.000856898029134533, 0, 0, 0.000856898029134533, 0, 0.000856898029134533, 0.022564981433876037, 0.0022850614110254213]
best_action 1,1:2
Player 2 placed a piece at (1, 1) : 
 0 0 0 0
 0 2 2 0
 0 1 1 0
 2 0 0 0
distribution [0.048282442748091604, 0.11316793893129772, 0.1017175572519084, 0.04923664122137405, 0.0900763358778626, 0, 0, 0.10744274809160305, 0.08625954198473282, 0, 0, 0.10267175572519084, 0, 0.09389312977099237, 0.10076335877862595, 0.1064885496183206]
best_action 0,1:1
Player 1 placed a piece at (0, 1) : 
 0 1 0 0
 0 2 2 0
 0 1 1 0
 2 0 0 0
distribution [0.008083140877598153, 0, 0.003849114703618168, 0.006158583525789068, 0.9195535026943803, 0, 0, 0.012702078521939953, 0.010007698229407237, 0, 0, 0.013856812933025405, 0, 0.001539645881447267, 0.01193225558121632, 0.012317167051578136]
best_action 1,0:2
Player 2 placed a piece at (1, 0) : 
 0 1 0 0
 2 2 2 0
 0 1 1 0
 2 0 0 0
distribution [0.09706083390293917, 0, 0.10435178856231488, 0.08976987924356346, 0, 0, 0, 0.12166780587833219, 0.12508544087491455, 0, 0, 0.12850307587149692, 0, 0.12166780587833219, 0.11118705855547961, 0.10070631123262702]
best_action 2,3:1
Player 1 placed a piece at (2, 3) : 
 0 1 0 0
 2 2 2 0
 0 1 1 1
 2 0 0 0
distribution [0.0003898635477582846, 0, 0.0101364522417154, 0.43625730994152045, 0, 0, 0, 0.43625730994152045, 0.0003898635477582846, 0, 0, 0, 0, 0.06666666666666667, 0.02300194931773879, 0.026900584795321637]
best_action 0,3:2
Player 2 placed a piece at (0, 3) : 
 0 1 0 2
 2 2 2 0
 0 1 1 1
 2 0 0 0
Train on 226 samples
Epoch 1/5
226/226 - 0s - loss: 2.7555 - mse: 0.0184
Epoch 2/5
226/226 - 0s - loss: 2.7547 - mse: 0.0184
Epoch 3/5
226/226 - 0s - loss: 2.7538 - mse: 0.0184
Epoch 4/5
226/226 - 0s - loss: 2.7530 - mse: 0.0184
Epoch 5/5
226/226 - 0s - loss: 2.7520 - mse: 0.0184
